0 1
1 2
2 3
3 4
3 16
4 5
16 23
5 6
6 7
7 8
7 17
8 9
17 27
9 10
10 11
11 12
11 18
12 13
18 31
13 14
14 15
15 19
19 35
23 22
23 24
27 26
27 28
31 30
31 32
35 34
20 21
21 22
21 36
36 41
24 25
25 26
25 37
37 45
28 29
29 30
29 38
38 49
32 33
33 34
33 39
39 53
41 40
41 42
45 44
45 46
49 48
49 50
53 52
53 54
42 43
43 44
43 56
56 63
46 47
47 48
47 57
57 67
50 51
51 52
51 58
58 71
54 55
55 59
59 75
63 62
63 64
67 66
67 68
71 70
71 72
75 74
60 61
61 62
61 76
76 81
64 65
65 66
65 77
77 85
68 69
69 70
69 78
78 89
72 73
73 74
73 79
79 93
81 80
81 82
85 84
85 86
89 88
89 90
93 92
93 94
82 83
83 84
83 96
96 103
86 87
87 88
87 97
97 107
90 91
91 92
91 98
98 111
94 95
95 99
99 115
103 102
103 104
107 106
107 108
111 110
111 112
115 114
100 101
101 102
101 116
116 121
104 105
105 106
105 117
117 125
108 109
109 110
109 118
118 129
112 113
113 114
113 119
119 133
121 120
121 122
125 124
125 126
129 128
129 130
133 132
133 134
122 123
123 124
123 136
136 143
126 127
127 128
127 137
137 147
130 131
131 132
131 138
138 151
134 135
135 139
139 155
143 142
143 144
147 146
147 148
151 150
151 152
155 154
140 141
141 142
144 145
145 146
148 149
149 150
152 153
153 154
