0 1
0 15
1 2
15 19
2 3
3 4
4 5
4 16
5 6
16 23
6 7
7 8
8 9
8 17
9 10
17 27
10 11
11 12
12 13
12 18
13 14
18 31
19 20
23 22
23 24
27 26
27 28
31 30
31 32
20 21
21 22
21 34
34 40
24 25
25 26
25 35
35 44
28 29
29 30
29 36
36 48
32 33
33 37
37 52
40 39
40 41
44 43
44 45
48 47
48 49
52 51
38 39
38 53
53 57
41 42
42 43
42 54
54 61
45 46
46 47
46 55
55 65
49 50
50 51
50 56
56 69
57 58
61 60
61 62
65 64
65 66
69 68
69 70
58 59
59 60
59 72
72 78
62 63
63 64
63 73
73 82
66 67
67 68
67 74
74 86
70 71
71 75
75 90
78 77
78 79
82 81
82 83
86 85
86 87
90 89
76 77
76 91
91 95
79 80
80 81
80 92
92 99
83 84
84 85
84 93
93 103
87 88
88 89
88 94
94 107
95 96
99 98
99 100
103 102
103 104
107 106
107 108
96 97
97 98
97 110
110 116
100 101
101 102
101 111
111 120
104 105
105 106
105 112
112 124
108 109
109 113
113 128
116 115
116 117
120 119
120 121
124 123
124 125
128 127
114 115
114 129
117 118
118 119
118 130
121 122
122 123
122 131
125 126
126 127
126 132
